n=100
v1=[240.67,8.2429e+06,3.0337e+11,1.1500e+16,4.4367e+20];
errorAbsoluto1=[2.5910e+00,1.6657e+03,6.5427e+07,7.8963e+13,5.1847e+21];

n=1000
v2=[168.90,2.2526e+08,4.0561e+14,7.5296e+20,1.4041e+27];
errorAbsoluto2=[1.9537e+00,1.7139e+02,6.2783e+07,7.8959e+13,5.1847e+21];

n=10000
v3=[25.529,4.6751e+07,1.6919e+14,1.8490e+20,2.8695e+27]
errorAbsoluto =[6.7247e-01,1.6335e+03,6.4206e+07,7.8961e+13,5.1847e+21]

n=100000

errorAbsoluto =[5.6146e-02,5.7614e+02,5.8376e+07,7.8922e+13,5.1847e+21

estimadorMC2 =

   2.4048e+03   4.1082e+10   1.8250e+18   8.8533e+25   4.4257e+33



